神策房源id
538560617
1561913949
1694847161
1702366523
2047602132
1939786869
7220723
148589906
1885909724
955347793
594085131
802072768
1077243795
645750654
1337572215
956097956
1507581870
1701082850
270586630
1987581782
759622311
1882073658
299163664
1276233363
1073415761
881780466
472670595
1614485693
2043607902
2054134959
447707045
103949903
302997523
680978888
904447495
893523783
2039339269
1441709378
1901190143
115653528
1015358848
1899359258
52862666
953328356
195465782
1668213255
150471308
121219146
449382223
1405701578
2015670491
976564867
1838402777
1376994992
305421090
738979792
813679045
1962122377
2053147480
606090135
1448541905
1994908459
802677975
186531222
1599549701
646439987
1110959998
1220440445
740971826
846702476
642679487
1151179841
66970283
348726536
1346960922
1417789207
2047606568
963042535
675290533
438307296
549406204
1314842144
432265582
1760719580
583541108
164888457
243201467
314839328
628648153
702983852
1322526934
1281256767
1798977717
87122201
1560520681
1458432423
1985417983
1252310482
1380985330
242137212
575778864
2136725255
234968458
297802028
1752432113
682801715
1584492668
1039848571
1768476323
866655900
2110691012
88321073
107040496
2106427079
98650437
989229413
1538866003
1266552132
2139098206
1915404651
692585453
943794072
121316034
619881574
934060738
971959415
209321849
1296715237
902262084
1159101862
1711206148
88701676
1055777296
1794032296
1282176777
1209286761
794006953
1347561178
17276807
141869030
196976900
241185524
378240544
1695545527
1352155874
1060880710
865103060
1005235490
1926596855
780333695
892713109
1154430861
796342143
629713062
2047644194
107047794
203102010
1374168128
77129965
14314648
1752726986
617088360
1859781521
1864953883
1372908669
1086205251
1831599532
1656675405
1375218028
1337120644
705045243
1624047656
340810032
584637161
1775165739
1537573207
1399521947
1644455761
104773883
1508208845
477711979
602490902
711354485
1321520459
1193779201
1891029183
1071882867
767076399
2033206641
1654787690
2050354699
778823666
322863144
464232847
642408561
1844833289
208948024
1298627334
1290812141
708119571
188382040
13458425
775911706
314651035
38455580
774584107
1315208996
1723958120
2098513769
1342274912
841685178
973900859
249753724
1255916448
2099336387
1014634630
1554679924
1679481760
1459886950
75201031
752681917
1243693098
198515728
947430610
1981089013
700649778
1070399400
1047041509
1503147820
1656531680
426432857
1599824884
59727779
1991532925
415204066
1788807698
1912252629
680994738
1157131193
2002850807
63446504
2050204784
1535435441
309532262
373261405
1825968470
1882196244
378031798
711479761
316707750
2069508802
529989191
865710018
87128135
1294300798
172078625
356582765
499000012
86911963
90167163
1925109632
1763329263
1608074226
1416105875
233235253
1736286268
980097001
1898930239
419534765
1555390551
2095934914
306506261
470837194
384584000
523433726
1871292062
92206026
1231927916
2078095110
234974384
169052373
46851329
1371462828
795645019
400143802
356329525
776723102
1195229990
650811995
1453197027
1584325255
1142554417
1260832247
405154749
1775717518
641674246
1029103320
550289671
1170228783
1052920559
1338173956
1123282290
797423061
1050279430
1694383264
1158809976
1177736151
1326775438
1938084122
1110265132
1236292430
1682792861
556719652
470063076
1083807466
2073181650
1443253130
812675552
940855472
1244114699
1023536329
905135491
1455359162
1677901689
1771364514
1172979420
99447861
1769528393
1508168198
1815004106
991794005
313807455
1261697258
1368669622
1804181201
1376173616
1295076667
975477006
1382583253
1489978937
1895715953
13804591
1092866524
733106906
1249202018
1341729960
1544286898
1471467838
866892146
2093268896
1787503406
372488358
1731145570
1724049528
173835783
56011850
788738035
1184767740
2140694806
934255989
1954959165
94113407
881129449
650618446
971438448
1104392246
14695256
961775265
167855339
421996555
262055336
1273077417
748742430
982031613
1119714705
1481204840
581591651
640329563
664190822
1077908560
515217088
925797645
1356868772
1033342051
431166163
1621551020
1532840971
2131179392
708327895
1881919566
679545273
488793749
372382938
942323345
1994119651
2038285774
867179721
216165485
2072066893
1216529108
1612822741
1264490981
1349117387
727354628
1879613110
1437756327
335251061
647281133
493606141
440715978
720570679
1992178910
1355414574
350739021
210424891
1549034005
1633926906
603055710
761722875
773677584
452888063
38622189
745192174
423824578
1913893781
1072116507
1576418278
1317927980
1643206370
957114144
1276804525
1531218159
1798846425
1057209715
33406674
885309490
963120038
685510471
789937754
849541256
1435822876
893380655
1355368249
397416859
470503504
1779528999
950053730
1081800343
1890652586
364962664
1397698608
697945118
1559469772
949985547
584535537
1505772679
721580928
1461919035
1714976726
1604224928
1081882876
1223252067
725638125
622473397
1075665810
1997413948
1723939416
1220186608
392418281
965430005
1870609937
1069791943
197567580
1156573058
1562958985
853151587
1519431763
1452671368
101364931
2016238799
458042230
1585961070
1959954308
1911174175
964233041
1116352339
89204788
810300657
1813828244
2144282759
1800609849
2066565682
1805628828
492762817
1734486293
2106116018
977853739
1365945690
1920305338
523121006
1436687976
1921058930
751364855
1791413635
1570770241
1724882828
655935854
1429466594
318792025
155393801
367504985
1363005252
1094045202
926072828
933245546
1730329610
1315119086
1719765398
1569196180
1053700128
691753351
529585698
1347830517
1930257105
285642895
1941360758
1504373931
579012866
1670095864
157574387
939501775
2077942508
2054783536
1660330903
1322820565
566419611
1669740406
1557204823
1534159096
1840453566
1847944400
1791285415
1247943536
425884662
1327472055
2065789135
1610318474
267392445
1151564880
53765592
962870248
519106777
355008704
875886808
96838512
2033528320
1060779214
387930174
173591241
765414637
1562768298
1300974413
1412664160
1041036857
1296523270
1169720464
711289456
657818966
472103693
36544425
1615383083
1147238845
1678571149
299694443
252168922
1480808907
1506724367
1641400807
1337061889
1125466870
435542474
1337482548
1466540604
1548588629
269489213
209609124
1505549785
2079482700
134751118
872311235
668286400
1939345251
1767485946
1027419667
62901593
677321722
1566339807
226181847
1622079277
1794667893
389733567
1463537411
1356927875
1294261897
83994965
1927716040
1713044517
629985603
1707138446
1405719258
543803331
1166737805
1767451225
1287596776
754581154
2102639663
1731427283
716749508
2093374060
378894423
104579136
670678131
737896926
543633816
115499436
562072454
1094609414
2133911079
214988389
789917301
617993726
441055934
1561070118
670589316
1997956980
1027128800
966893782
1739082827
1847946666
1951899201
1704422008
838841992
1007069123
622469473
1545596906
795987233
58528209
854765867
387650465
211163389
1884862090
1302760125
873703964
886640588
1192545524
1333914715
1323262191
1804266683
1099732960
352294551
1870545504
1522037692
159592468
374374964
611929371
392334041
253637135
1221465028
859517739
1915171945
287597559
1601886043
1838192533
379188054
673925994
171966939
415712377
1004797407
72215766
94069683
1398208673
1285157021
1670366785
1431520795
1682243647
1208234691
1249723829
324466274
2058649116
498349003
1429336876
916638622
1312139839
522597185
1639236150
54565075
1011755297
1681339986
53786772
363487245
775042899
1689278267
371611933
1592408236
1548303440
1553758419
1988553338
1323827552
1209060335
1944035305
1228230877
1479001418
1765153700
1560606163
160006177
1879482752
1554280742
1620043998
1976378737
1956093860
1160468751
1367422549
1311167053
553653011
1319056493
642867609
597971245
1214538007
824101725
1665542801
24605553
2102568956
198217919
1179922320
2039965904
479258987
1254002611
1046849202
1033424753
2099273616
1116979314
1291903441
623082864
1436472659
130871795
336378422
2085512563
347292532
553121694
95246779
1947758361
700903275
827124783
1957456820
467618999
2068707879
1182271822
205494335
1201374920
1118743422
908964394
2023875249
799401083
35704603
323391061
1032671088
2074121606
1846345970
1546995654
534165812
749451350
1949897785
1101977895
1297303831
367014695
937990483
160175044
1579618196
1598586267
894344901
989228817
1533590192
2013674277
140734335
901802358
743719949
1097443190
433308352
311123757
1917382581
1482992818
1243614574
2104564490
1447930772
1685686122
688787172
1381555808
814432637
1297241484
902788595
921646536
313686441
2051826022
1656262341
1981657661
887535072
229852173
248885263
1138470269
611744610
781861897
1299638501
374967910
892662351
1976966991
2045637721
444720590
1186382020
1274902965
1467483082
582471864
976925529
2283305
1138553741
2064341372
261835176
1341769117
559322816
1807541821
2081904587
1652353806
1793657709
141805583
1174265138
1331586332
144364098
2061630201
972964392
1943462812
1676985168
501230082
1035485732
311213416
1455294133
1507980665
426215661
1022106437
109113759
1058825825
573632746
354374390
570370484
1280441063
147582919
1141443077
802237591
1509369924
406141798
258573951
2101876268
32334998
1623839417
396149200
1577380222
1744191026
2014515599
396972330
100310535
1148241736
956204707
572879081
110272232
37886932
1707011928
2101465081
1129813940
1623237412
1799209099
856054978
27003142
722717633
1035818270
313458179
131571220
1967128086
82374425
412023530
1799497442
1403707626
73446671
196515510
1328559486
2069047320
211315556
1614394792
534567943
761875769
1107639769
598478709
410508297
2133913933
105512038
745235767
1958050106
634875923
1906890288
406501692
298686941
1514435451
1458320045
869855123
1578913116
1704217698
1473909085
851721251
1178641642
752605482
1082658840
1174485387
2132903577
1299888291
637535325
1258631295
372238568
2087091782
1462526064
758988974
811372929
354863746
1782870912
570220828
1646012697
1871925995
350281977
368715432
1339414847
1412496312
242282089
933285937
1483704932
1319756351
742652797
39061514
1973204923
759642249
1874171267
1268094020
381074922
1080672091
683580944
1663675539
914908383
327694642
654058067
30229268
90502427
308941582
986918009
354624172
2035749814
237615257
1868378677
1173860153
1095157865
1851558059
767851707
788798364
111241429
1594443332
1827773097
205850133
385544665
589577334
1433053349
1138024972
497699220
1170334459
1557008412
530253241
406833206
1012758191
1355493871
2118769934
1969934370
342340028
1603920141
1462166426
1308429764
16882102
1331439925
608865154
483709219
1824497743
1462550958
627723791
1866863891
666495228
2136641271
331685486
1828651564
532126437
1466704787
515475666
1110580207
1087317742
526627742
324614732
1775628455
1488924773
376626933
685277683
2040175303
86896453
568328677
829141959
2039884866
1802530048
228199588
647677330
286778865
1083512337
1972682932
1144696107
1431399525
1669303635
1542666708
326730550
570586632
1366966684
1383189694
1004983698
769613889
1898872160
350890169
2142543453
280830686
777734781
411680546
2053170623
1826158430
816014546
353534053
1686633040
1981113902
1940353771
2128589407
1943804271
1241550901
1289360118
488331033
1105039851
221877259
782135928
1519351826
1618541907
1847044328
1026291750
1790883624
1861574782
1899591956
205619611
1036824745
1875182946
874875390
1562851179
1825148246
1983571166
1808718917
1991885529
1737865934
2140127688
1142656724
587981837
2081019674
509830515
669119357
867728431
1625080300
1149227121
542105018
266600138
462386708
1152857568
876309901
1465510989
282975141
650317947
1176182200
1341197787
1064875304
1826386610
1331457772
626124626
1301101609
978524694
724604247
1885259649
1934456017
626802539
1071908995
1734841203
1750838119
1149312579
788567926
689965760
1727469638
325749435
1526595014
1388499194
1922037058
1342229829
1759125246
2126769486
993749143
599230710
38557160
505689334
630132397
1120864398
1207540445
349272300
904071236
2081482390
60631432
1742760772
1455088236
2025650579
1672116543
298916785
867682700
301204882
245006021
79982446
803267713
1341706098
1411126402
1392828741
1634534196
806605364
1107974777
784107425
139055194
1296460763
1879986635
101248097
614990486
1515907412
2074605625
370071741
935703744
1043518503
1077384747
1505457860
1123666054
1266810908
630636272
1970441834
10558519
354671521
47607426
471136841
1844957073
1046451515
1742593103
1050462053
922008440
663590586
368441012
1564830947
914783363
1085997004
909092614
51161921
21772422
1221211194
1381946417
1520859104
274116504
525582110
365799804
441635988
271800277
837366663
770713953
1459374381
61591585
1147543972
1077998048
963377799
711876468
1546475929
1853220276
1408681851
891196057
243556852
783966557
1938680984
1295224057
2131651408
2006606615
416553275
1764569890
18478274
15405028
805101542
640415037
299627404
827042163
1468884696
46727294
442294303
303525432
1952549532
1155484173
1774994
193137550
863425702
1159266766
220015283
1185882837
1766480705
1434477169
1494976163
1961109200
1230267398
1180612494
1865314975
1809328857
1746468497
782287076
331479845
1111986419
2075406548
1604629913
527157489
1668293184
356289134
83445929
1295768075
1042283930
646716921
1903637467
933420091
993284161
933598022
2063332310
1376507902
1535352225
2019509501
2126395661
1431415035
505438610
229735859
1949146386
2075950226
1646828785
1241041291
901336268
1299210378
106345934
1585040787
303415916
993077673
1119016347
481966719
1929690211
434301591
1754128433
434529041
903691652
633093280
486101454
546256508
996231549
366739760
1288290700
1242881362
1413519149
1479650897
579826307
1121014307
1938618817
1014086947
2020712131
1523904962
1584725968
965424079
1975036530
99196290
860103727
1153192832
414618078
644843624
984169118
2107317744
1664101230
1141710842
2010955183
27650230
133165818
313135985
1102548378
171443118
1062035858
1277688926
1611667849
575297956
924237515
921844521
1926891720
378360232
1595979088
1985675230
452602874
1863633828
2047941581
466855604
1359076839
740779775
1209543501
957952776
741747861
1848300378
677829265
320539604
668133550
1152623672
2117109157
2122337190
1687746607
634835524
2100033511
204612104
24879973
826581105
1135840214
936983488
608859479
1541924452
258869418
22928338
673788986
138085997
1274983836
645873754
1934606185
620879570
1028178868
1758158990
148102040
2035744866
1840479945
8116103
1421055473
1262241357
751114302
11983006
2123846728
247440190
1678174952
1663021104
1696487485
1556611877
1307985243
1812699992
1297507969
655224418
1234925541
666869820
1334902268
1417370879
119016868
1777168307
1379991843
438887865
1779379090
1082254370
305099321
507388753
1298958251
69273631
967628443
1268391415
560833942
236691151
856578799
1981156300
302155604
731277301
557772242
1455923374
2139138597
1006667632
1120739032
1515254137
1643164141
1738847049
2044122935
1971217482
1752283184
2048795418
1729988412
1720031883
718596832
2084065780
275665507
747495959
1560481864
577227393
1938715193
722483737
533635297
741685694
221500273
1775019152
1457545244
492304025
1206992762
1409224842
1020557521
890088258
464173744
749984555
476551499
599399961
284337934
1597729012
842739342
1596256795
1200689786
116955644
1906261649
563523749
39465257
1718501992
1113012021
1651494721
457961187
326168683
1894417336
1967987
1642641562
1735625680
143336658
1331224728
216897801
1911717934
328427037
814749286
1388919597
1586654654
2072447931
1563775285
456047682
1287658777
25691552
432540002
1124466577
828259478
1705974848
1952988386
1426162299
1146476136
92055523
846346076
1902632226
261619984
142500441
1091982809
623773765
1626491676
1401543057
2128871284
1943358634
392816480
574958000
478667239
1958650362
1284214720
790018285
1143580838
451530346
607388237
1233312843
1086687905
370031350
24861269
599427453
1552999460
1732725641
452892499
1461056361
373641752
33945781
916948441
1019796392
1839007469
1602359496
1702238003
1945874481
1099897865
104857527
1155209156
1632352123
1872055449
354206547
638899227
1208174098
2003193707
1371731573
502697059
169346004
977806390
1484792042
610960002
467368019
1487337724
1284821757
1563656109
664082540
1209349952
701765769
1348888777
1429237646
1756187414
117038264
1903623199
1998231400
253428381
1757295981
1984605049
1703284796
183034368
1861450914
334410599
607642586
592371564
1286395050
1423498469
58319458
2010178116
1845351176
1204260059
1372886214
182679166
708012820
938311435
1825401571
1566132807
1816080218
551028809
880573842
906874238
474075269
1943861019
1106623506
212297101
946596074
1770216316
1389736967
1304461211
1391209184
163834293
1426919752
418879157
2017767597
366013634
956886694
1864097056
546994587
628597822
1561740346
1392317503
1015087423
1479332246
1149966450
620160297
204599116
1393058585
562874742
1239489774
1709718982
389542872
603664498
780268666
274283157
581618547
657231954
1386905111
1239300321
305583007
273294362
1657156825
1345500539
1591231140
707630471
1551515311
398191655
1096882306
1157062158
93296807
446952446
1214438513
1556001425
1340569995
1879193475
2141134087
1415392345
715650468
590564639
1137268543
1814794840
1335423575
2102783892
706776122
1458895651
2090703614
561703645
1434397566
836573841
1297700276
1064763528
1261361738
1131457254
381833023
48321032
1041313543
606549605
2064637187
1319606442
993204869
880697710
170711908
1312637780
385815079
1932884990
1207266025
1339707114
1650739354
2063776392
694056605
1955189605
982865504
1662958341
1262709193
1864283611
476405427
784212589
1957728982
222634968
448021600
1570835270
1808505479
1675370120
943254409
1981383886
1157634122
1477313321
2147122712
571639949
612196444
1222784743
1081628056
1187807664
1243658889
22632103
1131502081
1716128677
764033403
1506399826
1325109896
1194137521
2046794364
421539683
971917014
10787723
936121889
1576207010
756788706
375108051
1890419880
583984820
616421419
850422885
490814169
1045846823
475187336
1190942836
1509555448
2057237740
699059875
1684642576
102162527
1190693443
1904185322
1293897907
175312436
516779231
2015612412
1544770064
81033748
1127407015
1657811592
1833784047
1178832201
959302159
1734883980
1855626840
1215021429
1416946288
781216814
1180840244
928162984
302181991
604556381
1084756210
1300967463
793062305
2056166971
1375030669
898396178
1566026747
1138555751
659229830
630277870
562492892
1586254701
195383669
70867625
411157321
1252916923
1424170448
1357491235
651520436
1426442256
623642473
1336598661
2109285140
1708262011
1423557564
853545178
608762079
2087552749
1927856821
1742928623
1804414585
1528738947
1350016694
75156196
542860853
1226178258
502212395
775463386
1228988978
1774392773
235331552
1490636226
945921750
1415431502
1556800173
1890532258
137501251
11407912
373785482
934526224
1668819271
1583066945
484843062
1874323772
1066652330
1126494310
1561925363
1820491049
974742680
299267510
1703812713
1346950552
1133237474
2118794564
1724340907
698446991
437084132
1554032839
776743040
513643547
401444170
800347989
1673642743
2011269738
351058524
1880241109
161813110
1692156440
885080798
1147150849
328827079
1648989686
203375273
378214165
1036908133
1372042890
482499916
1571268100
757188999
362736102
470485317
1866955299
1076061751
181103447
1260813543
517883106
989716171
888771911
1726860850
1081505470
1788703637
609512754
1538693634
320051234
197466512
1712183602
1834622083
1781362052
341130733
262904338
429237660
14232028
353372648
737202996
1908905972
289634072
1720772892
747332288
608989529
23514326
1883245972
553760261
1000719757
2095929966
1480748314
969795270
222256370
827382119
1684199545
1106853946
1704110440
1164079409
1023410002
1396105633
1113262067
924276664
2031758118
1463786297
1731062689
2017836722
2087658169
1149940578
1374442423
2129896215
1033676073
1244705033
291440498
2021299483
708812259
90940766
1578528584
1401522604
1023426813
1888679259
1552453016
345910868
844097054
394201311
1386585093
1803134740
1967626762
1600012417
1793051693
1578848095
2017349964
1060546680
897097550
331877025
851577526
727444802
131289932
233174148
863971727
702564517
1247145303
430349735
1751628673
89682799
99738298
162741312
761855831
1267259146
1412765484
993789623
546445365
326371890
197838079
959178887
640015986
1140814774
642766971
1520483749
582341814
505079950
2023036110
2042277101
725257522
1123473273
523458100
2068791264
91434814
341757112
1096032792
298194475
512052574
239782084
1482257174
1336681542
665217750
1126476123
1994843430
662005952
878237162
2139240177
1648110067
944468396
11836939
758842907
51872033
1418069952
981435502
44709132
2055218137
164504014
312083915
424205693
73176428
1659278569
311650260
1436558778
1373848625
1249388609
543930699
1068362631
1489055387
616981535
333489219
833317402
296936500
193516407
770247871
785629169
483624979
249334476
1913584640
1273920096
940542412
610859185
895308164
646692291
1627606250
465579450
284847743
1457151141
1450025620
1782852469
1013746991
78881189
950698813
559934377
1754441670
1601420125
586128768
1283962416
86467434
1024774698
2138947983
457142833
1278644384
968707409
1260960767
2064153079
1910148993
924937365
676481892
1612487221
735394579
465476802
2102196880
1865061650
1995142995
1126896950
1035380914
1148123246
1768517482
2045089019
274870169
1481813032
573905418
123691615
753868141
1751856259
573002353
584513077
1661677067
140483270
2005304240
1438845683
951607673
1675037462
1244304740
818322413
1028053592
2006801354
1572134399
102715330
2011360160
191710225
869467818
1829560497
1703244912
1204367143
731297247
278938786
1879339030
2059068369
1839472791
1811866355
1585557577
283692851
304362830
450901957
39426100
1967380986
374340118
1230058644
1186780227
538129760
473715375
1850088348
1614523998
1044882146
697334748
936018563
490040566
1838345046
1206470779
1131847863
82504483
98288533
786777879
791027962
1010623284
1084611244
1259534867
568203657
529479638
1632061174
837734193
163013341
1823676277
20596094
927391647
1068761086
1751713046
326186791
1891015424
1444678518
1745454813
1992959639
536123893
788000058
1299063415
1057925753
247864773
2026131147
900325697
1093414387
1686402858
643330837
1648800233
1428225711
1070086808
662945843
2000119123
289736387
1648465865
1357846137
1799980608
1350435435
2143616488
1749949704
1303682145
1811297451
329145597
1403264508
1791184431
1163073917
255597474
1953810868
218605653
2095180059
1479109992
240982320
1616542923
1150755770
1631451790
1303702598
1122946258
1818993752
1098994122
1788787752
708871994
315134457
1126768730
1125299027
2015907285
650068413
1044521054
1344159862
566626268
10929182
405382335
969040415
2128007343
1766060046
1096729916
1604146235
1851329879
738940983
808976898
665990119
999037594
1011144251
615643034
25299799
1097655860
28113458
581063394
1461728468
1671230562
1890759836
246851340
1488716027
1843606674
1403493200
1605194125
980013608
585560975
1115805718
568774399
422033106
211080848
665402511
1811536083
2143631486
337197108
766253269
887245199
1735585540
1448881354
1561487016
1550902427
1710867940
1755050965
676859134
209218523
1190712654
540967550
379351205
2088542056
1343631605
1641445634
1690184352
798375901
150939830
1577377360
1996490994
1936874892
1028911443
1890002255
731683013
1903677858
898734045
1761731076
229480870
679086298
1092176358
760419310
1194054384
1894585699
1541403493
2026715297
1045784476
744538643
1873036564
1779397277
1590250537
1481872135
647504027
313324281
1411483870
837351409
1135395685
1680525306
341335947
1677069803
1764526297
1126852374
2067505894
229604649
1227494386
477071216
1360919471
857835568
1081587755
239316514
1771704135
610771317
244862808
1499768353
379769350
296538301
2039984608
1897566593
1816730549
828575057
1359676839
1789501026
1009928682
60734766
299440606
706416220
437122265
1096876116
1888052104
609510488
991774067
607455524
810974385
1177503445
1318872628
1355413332
1951957362
185049613
1932716123
754783723
1172219829
451446958
82266107
117345401
1754211826
2108532973
1679476812
865779483
608590734
1034093706
1482274514
2000714795
2143067530
1246225
1057312869
58573292
934170254
662781576
5346503
491871195
1539217455
1396865224
347419728
1769543903
229160765
134599970
890924799
1989972024
2027198471
1159160701
2116794346
1689428263
386705817
1831284214
771399095
207792364
485098388
1305595394
24351716
1799065546
2133121119
268950740
901065777
1295518930
1874868691
2142519419
1149076874
315114263
1309027122
1958219106
111654838
918571553
1800360323
1673539921
1775673203
2059251978
1901874765
407636395
283959924
1508105691
2012468735
1676861044
1088769765
1130114747
2022660110
2033250956
1283751495
1517545734
684769367
2058220097
1936852181
1127252408
1092385104
1278940025
892408514
814460603
594338448
1994824219
134045013
216074077
138550979
1172098311
822294792
1001596694
1307920214
2069856330
265844041
1072870164
1471194063
1523803978
1583507885
1417638720
1558941863
63237113
458738586
1686822493
1862795196
399641929
1691003046
1533253438
1031012734
2079016618
1649960457
1008919173
192535869
653889704
1767131722
2092572540
1806635823
1363645907
1844472709
278500700
413511341
1389168319
2085827374
1698859019
378957614
1583563870
1310201614
1161099822
2121292227
1664636708
780398120
2050978262
1838463114
1532080098
461214042
502381562
1942033889
2092109056
1048449987
420819459
1068337230
639281581
628292695
947646314
1243782161
563017955
486230652
1893177823
369901632
30255140
543406878
279342279
1625692928
645352199
580331933
251054348
479174447
929489349
82077294
1577627150
434158378
1640874720
351830893
562829659
1230502528
5284328
270311703
965094485
402370114
1466241047
1976465453
1696317888
628494488
2104045361
936625764
2132121358
202452235
175687113
1871102609
1109003796
82769726
1370387228
2050501923
1942687164
137540400
1059788241
449950359
489364404
721764793
1554848543
432077281
169999794
1164014380
1306366099
1305152872
1100716559
671902372
955282764
554729118
284802652
836338711
845090034
1273162899
1161241286
1858942889
1642428075
251349477
1750177290
2040114710
518935432
604427861
1452422226
1147274633
1358044634
211371797
1389692132
1631134032
1161073443
1578150971
320895065
628097953
1755721920
101175478
969943728
1798956537
1663360720
446848004
355381633
1360016795
1128308582
429323142
1648282346
749662786
191208864
1505182933
1317294651
972125082
654038121
215843465
513873647
521338878
583151441
978653170
716677401
59371379
1804729911
848253152
56306723
197676418
1017168515
1900508216
899996623
228577549
405847821
1296372767
97973722
1056909565
1460617175
1778062916
837702861
1595601342
1051070841
889202833
141049146
2055659763
1451999389
1224808430
461299176
2041083907
1428555468
946356244
732701921
495848146
2011247790
1097483581
1896566044
2021157507
218311932
2120446637
23202758
864154656
808266146
2062693429
397431122
1394672018
1231591718
1106784481
1785975269
1749215558
2000335292
1768394637
358593240
425059018
1229220184
1591167481
1609231120
1662077608
1706589739
1749678274
785958251
1665231484
981294550
1784291608
1169198653
70720918
502124566
1099226910
471949601
77434496
1580821929
1617628611
629591492
1018697485
108952593
2129358382
1673522415
1471780051
1543390495
1122839000
1539910783
41157386
776101159
420004779
83968069
887281238
237678192
1162460437
2031690831
1328306246
38472920
743407396
1455296399
1253670580
1469012064
815528690
1961525515
989730183
1872051525
1135251364
1354845926
998763174
932719555
93839243
1655453226
473443346
1477293383
868465439
677173300
258009650
1414683085
1548299004
2096158568
1971566345
1590598577
1093474716
822167424
606969496
1445390379
1984178116
406957630
711728059
952148578
690761526
814268378
1460803766
381647494
241837565
253592300
1771196927
645517270
1541353974
1169572178
1204656420
2005574227
1629827480
1133866119
1063253941
887749074
289913786
11831261
689084907
673561400
130644849
311651502
399370199
158413019
77685389
246154472
210303877
2047347791
2697014
782495830
1524619170
1024044133
331560716
475942711
282968959
976815417
1469027914
722666360
19634917
1593620393
1877807797
104850569
1673180027
1675265040
2083945452
1278084608
1299293259
2137497962
1639844598
1211030163
1724508576
272182127
1273217046
1132542608
1240808585
239442128
1662454722
1274628678
1086916515
1847207909
1581253318
1747095137
2144367639
713698966
352800501
936668421
27538876
658954168
892160990
1765319119
107584007
1189304778
532563793
791718856
99700165
1335233275
604214423
1024664586
1865878844
62119502
1651010357
1758850570
1098678357
1254040736
433250281
1539569324
1502285541
870240776
308897262
566922383
1635961004
688091927
2008368457
1147418614
1888365175
192867383
844122240
418842862
1741013876
629416955
1874786488
1853989122
1574294268
625707208
1407004628
1867623482
630781489
1456202993
911673150
1941615488
1398772974
1018508032
1222373292
1788449288
1263707392
1854407523
1442062578
1513383373
156169705
698257203
254294416
1001016632
642936734
169677518
3276792
2085034552
775927804
1534016825
1099604484
2000185296
925689878
505839241
2512253
1394154131
1762488793
1415013357
1315875523
402012306
129302342
1510531404
2096941901
2066291907
662042255
1453950684
1187897242
481820519
990305598
92960852
2015754135
2049930364
242548919
223816500
44140484
525287237
738956825
1460828911
763379524
902214743
2070243635
1811090451
1725867619
441579755
1618304765
713992943
1407186486
1774348197
858924453
546251816
1346172001
1632810147
1915131810
1381067950
1921783221
470582205
82830319
1091917780
1712478475
1406811387
172721538
836149258
648285266
323347337
260797369
1732759850
1299756999
905303846
596867370
705660553
340348642
1660542811
199119353
56701338
286338481
1330427990
1816266809
1279786032
1013724787
415101759
803639879
1349260597
934926773
917238873
429656061
1386226691
1475605645
1020759494
1381335540
1356798163
613625351
464631046
1600639564
839612953
1305844280
1191829826
1523194343
794810483
181927767
2020668151
1851477520
393473687
2087236996
521480086
1182123356
1285033414
330085553
263531997
610706288
807508685
131712001
240575584
1703542051
497258280
1400077607
1743764265
1551117616
1155615383
1599107822
363007660
2022933288
1660985487
2143971442
976023962
876303719
640663931
1245546865
1559717683
458732396
171044914
237909574
2061333838
294570649
485542912
360950945
124644455
1465464664
924682376
1285647145
589510303
376809300
177810026
41415403
1596968569
1822082278
1461183557
1751986309
1988359111
2100452890
309993312
1902859804
801212493
1026838371
851914748
631336130
352233618
27271375
136134702
421388363
684537685
461278475
1552642420
2067156618
43449673
1993335166
1631325917
431819438
1941843840
1288079950
1786729868
1661088813
1611559526
143064496
索646225
页646225
212232072
1766041859
1370540386
1905673403
510830204
1156094113
116377571
420023865
307014577
448383760
1072449165
1011842609
2030012903
839251817
317777419
1094904543
1237256766
1087360399
833337596
1758224191
1970945965
961314554
2054237607
420462079
376164217
1924285312
1914462089
1872364078
1174837607
533285087
521927464
546868714
1557936878
1695224915
1990853909
385399832
797955242
23663720
1655943178
1830867049
561576193
72040965
1030130253
968618346
2120216793
1385070903
1695144036
887366205
1815408239
517053651
156154930
1908137361
2089444149
86074823
2126773410
1499562461
1105109308
1516303865
73370919
1966160041
2031272686
493458236
849851083
719852375
114936466
1107535931
513817150
646105279
21456369
2063306313
143482641
1981575548
1816562872
936312451
1452271590
384080381
1001428083
1506783718
2063862135
793783939
629736202
1617714085
414120636
1017520735
1165759701
244077819
919700066
700171040
558801857
327806584
723308057
436604895
598667005
1687937590
1468343284
15193123
1862796181
159534397
337156717
1317196009
543953327
973074504
1711040227
1818789442
1424336801
1067167084
535698714
423238590
136600444
1741416007
2015773817
154928315
752987152
533458390
392088695
2053064051
192218541
1169205439
1197286705
1927374167
328467177
1780827613
1830650877
1126983922
946614182
1001682424
1646350395
1754423306
1393459305
1518051784
972089127
291292588
1211093950
461678951
681273761
301499499
410363338
1527480465
1484076755
691056399
1267630792
51644583
50973620
655076001
510960518
780823051
7580617
419859050
2049656333
478545034
531412569
315115753
1623198263
945143455
1593017364
1242939433
1772774904
1812990429
1699953830
2137779079
779851833
42188337
700042480
420776890
1714953591
2144075024
1254172458
234095661
144260936
1174626846
1568519794
1758179100
833902148
1044644838
38140769
1191242474
403638939
604933495
772308998
793713322
532381426
1086648021
203981289
373409136
791363398
1584383498
1657559120
1268598159
724873586
415082540
1302000107
1733079013
900160286
1836514490
1438066146
1919209452
981462905
390504776
605125541
2101539681
1066679226
925309531
106286839
2031975480
920412951
559953721
852209621
1316403772
866805169
1199161393
1974681916
792244855
1235497606
1180846178
121972511
1537604534
43910640
1024483839
1626763705
1175634345
456804029
920902563
1741730818
1850594401
1419298067
313578507
152994864
878467088
1295620426
654044311
1174463183
596694919
153742327
1474793402
1479122980
1508756700
885882490
1877911131
35344529
1607445075
1124170514
1991970668
1362953219
560186593
1316587299
740006725
2119720508
1347412116
1044964848
941091122
940234771
342065741
778379864
76262264
147518230
730888274
1546008093
323601819
676607854
1706727279
1506511689
1827606444
1306856223
945691650
650154020
1181875960
86766231
1563419315
677574189
1685253709
1626740398
1163620277
1309405211
327317484
1012380442
1698524262
1857330191
1375599573
1352538658
1403599772
1125318965
1343049713
589468074
190031768
386707995
132705488
1323961706
511300218
1854789060
1509618987
2113808849
1367579503
157869252
2005559229
768440549
408075241
488925809
1840267615
1648765512
1790135215
1750786585
188438281
1788149987
13514666
1812740391
1848744907
1182657803
1874112760
1445056607
261220206
1287656519
40644191
1738055387
492112535
1502029569
1840669098
1146694579
1214854904
1022861292
1316718847
921217118
560318909
923127706
538623808
681041063
893969159
18440141
2039533414
1898163975
402617505
1540124477
1714011625
1698250827
1560502317
1491112698
2019432559
1958926531
1839790119
535777494
179087204
655533559
254401674
666603003
1477868469
1125344110
1475249672
1793117874
206315711
519483891
1076759602
620933717
1155614141
2125109951
1490507706
1910461157
1651054933
2001720970
1447153713
2072906723
1887091256
1449064228
2035640209
1231908234
313330468
2036927550
227044955
1360496211
1911241718
2098873671
708792313
848849848
292050689
641234965
1262872856
850591496
877921580
1449277723
2101666877
321231012
980224369
753843511
2006127370
756130739
908004241
1809724158
649754498
1287885723
337914178
1280374536
2067409006
202470422
1977299989
1785891029
2073678575
1117501297
77247311
649103952
690159516
83738068
16246947
1277684234
1029268483
818954976
1326502771
575569133
1566928053
775336100
464257477
1729545637
1870914820
2041355593
114053347
389956581
600092649
1287337008
314949100
430871290
1935209682
156963254
1312558488
1416612522
225575406
464578729
1588541862
1509656265
1487644523
1857202995
1722997458
1986346185
1346970498
883037243
1779757947
833149815
1005457480
717771022
388029960
216225822
1705667719
34086227
1584332205
109157483
1242353105
8304396
1933887113
1450135732
658623896
268899731
288779091
1403261994
931610424
666473285
1538712845
355577012
1353372127
1821092547
654985100
114885193
323210058
509176296
809457333
1793637003
1533416589
1918221899
737953167
1088512859
517222006
1168396316
306589654
905490437
1209750501
364855324
1404883224
318514683
248766087
2034302694
1153971135
1185107696
1294255715
1595980330
855969496
1486406494
1855836446
1988253691
320998396
355765313
1248503652
976733222
1336890800
812045167
244774687
1378466961
367336630
402738772
15154990
187531515
19525652
146631313
1185501807
1581003272
892939029
938097733
736116461
1087738741
868208699
1262661844
1377456390
1157865156
308108876
911785648
602673525
338775093
1428723145
1254886326
122348422
1865983158
1777939644
1804454976
749579570
241583091
1578759024
1558251689
302221875
1450954598
1262558690
2046332032
357503377
1342771586
873760461
1840753213
1595121245
626462583
1903598310
410613635
228845186
2144349444
550714254
1314675799
2095740175
314794752
1097671370
426180213
1241553167
1133803944
1721817672
387879413
49742926
1062245249
706562295
160156340
1534143087
1391856533
852140496
683851443
476068965
280160965
1491425034
392644119
753542832
58260619
1781331232
1729691837
1845797519
1751189481
1276110941
265440298
1813260108
1074253922
1376462819
368273169
734955981
1048573766
1338740523
1368264977
1032860369
2002098376
757083579
1651156257
189568028
1453678870
177804092
1964388515
445203756
1027020226
95313638
323581873
973960461
1980262671
1150067774
984149172
577269704
880960582
17213608
1294638069
126696917
1494205414
1087952571
406790805
950158978
1717746797
2088703973
697290351
1590220229
1482838726
1612313191
270812716
1949290367
1359155020
1835836070
2053832962
1072386998
129886492
1780175572
2117614274
1510027189
524339645
1354783503
1658331489
596229001
2097991786
2051273135
597403839
1165905684
1171948396
465980421
868040508
1187605871
1917507691
1697913129
492285838
1344284286
1020235673
2067197777
8265247
1807685551
1754085864
174719498
1380557885
1060362823
885439200
401695063
1442101139
843028627
779702689
1077089188
930014744
137999192
164039934
1882467421
1618047859
1565269030
2029209368
1812333140
1573327677
589343950
944028698
1357702671
379539166
1824161704
353898051
1639778079
380884107
410129442
693490563
1727892987
2123993952
1562286371
697644319
2136805786
44460584
1386970132
1380746698
393198752
1555078643
142077776
775839983
2004072730
408466490
201759163
489888225
315152048
324691682
419899441
407631954
299886660
1936467649
1695539593
221286835
1084899935
76486348
1136556767
2043728230
1757027876
1219949725
150935906
1281486611
1305400271
558104733
234476264
1382770059
1614983046
686659429
1211658802
1287679486
942344059
2061624275
1085949663
1861124714
1581469022
1372693989
491627615
1016267201
954654125
1253335656
767473958
100121338
1955815984
1651386447
1438006795
275272888
2085552447
1662996730
1536630389
1278507612
1704986865
957744708
1129692422
1457679398
1734942827
552031575
948241037
1308325199
1643440010
870202651
2103280310
1138002349
1512059870
1688297144
845929173
1584047548
1476232285
1635160583
430565907
620308763
2110610141
560966002
825169133
1770025501
905873477
1127570934
483644190
1391144163
2146378631
346891479
1208236949
1202872374
357191464
1068630861
1260645692
2076497187
884380684
1269357750
697314303
1171914702
865227184
1715184965
1527018256
2072279571
324190661
1147658180
443346033
1534851528
904989076
1573523056
1731588680
1592632832
2081968078
1377727567
1833256302
680784149
1602298911
958599357
92853430
997885713
1758813033
1075119278
2013626928
901298483
132488804
771379149
206378902
698219405
1115764085
1435526897
2068686184
1673183951
890983894
1970776458
493690512
234431181
1889606954
1499352474
980601862
1415014599
1407272605
1556318246
2042760275
1614753202
2050056882
277194148
220827191
2043408727
1901450694
905685176
2134289427
1604022963
934108087
565683798
179881260
1733962728
810804276
19756694
587894185
1637981764
1159311849
1833257536
96255596
1733647661
1781650743
1817482890
1824473105
1710493271
599380875
295486743
2022425484
1777182063
994882084
514192505
613832351
1555372356
1347877866
1018950810
819958469
1509517663
235473060
1947463488
865671201
344691551
826221467
407401764
803224632
1007091578
661855449
641694955
2102400089
8724818
992493523
1032033067
176292974
799657823
1790996130
461425621
902464525
55380779
1806453448
246857274
2123092385
980620566
1949394673
593718003
1697704890
1905800681
177515409
929279495
1452084528
2055012740
39341133
868917273
1153657558
2135167464
1300679540
1481265177
1197205834
422773608
1389316132
1107251165
105928429
1929162137
463232298
1650511174
1605218763
634123410
1727190436
106998019
1004707233
1134663118
200763601
1476299572
434444801
1770359022
1085868277
203014181
1424943414
2031463245
1218311411
559660090
976963322
1517392965
551554716
2024656488
1025322553
1167140696
141221425
1849899543
7829762
33488224
175503594
2089294880
1854703586
1563358722
671502427
1442436147
2032763359
2080070954
394165863
340577334
1965794213
1160428352
1441479
1142866330
807431008
273483175
606324753
213121721
1868087562
1194494733
74453146
1200332150
731343564
1158261525
1205731293
1313480508
209988559
604850614
1252198104
1868279447
1963278450
259377729
920812640
1939912145
1434083479
1576435958
1929437221
632292100
538046887
2033549029
1773405212
1581410779
1095994667
1308654700
1960603746
1354239485
1290222147
394098996
1981722690
1520208822
1799120200
908592489
1452214586
298266454
939635303
910376026
836802451
806231207
1459698649
1620292546
1758929867
617089602
945121679
1809791445
823364210
416002814
1510152299
374415363
827561112
1308919692
884909453
1201003612
1138108365
1597805199
1113542024
339570943
2017875879
596480065
1123488527
496316322
571892544
1052506850
1992792134
1710469229
1630146139
1092361797
1151978589
1020107453
1016009865
1140775617
1850504742
2053313833
1897572527
1324419730
1061766263
48005714
1046455439
442524403
1245061177
972841120
275313287
1572069710
1966490313
1302210432
809415104
1571401312
1280115119
123693873
975243366
1466498550
1078896121
1575578448
1363340772
34129300
335358747
626781825
817569388
305126217
181519838
179905898
830981656
1123848677
1698419694
1968734651
2127380360
9019691
1887757239
1669909317
1581846596
343371564
1183111318
1578613559
1961567992
1887866240
1246090967
1870686128
835754213
881719533
1167584580
1235372412
1875093287
1477888415
1565835924
250595812
1871254525
1971697893
987426576
52800499
1529833930
895329940
830945361
993603324
254524946
2099969716
1409850240
1598374103
878801374
640472768
444415707
332025442
1303891411
665929526
1569108827
2144327842
136219329
1449720493
732639498
1729316433
580454099
1568652110
2128009601
1624411654
876680953
1474032352
769320168
586483722
1311340656
1030926999
293180436
510535595
250803452
1621280829
822526430
2088692567
1347988367
1282156324
1694970433
909915992
2030181971
946713412
1307547887
729244777
650134082
1207808294
2110630087
1269102034
231195878
180491886
1232512926
2050562508
1204783616
682761316
389523661
1512169386
560229250
272912684
1538814469
927456668
1067060896
1035063075
2133810689
343619088
1949180083
946697398
472463851
294818941
950012571
417645820
2028101057
225601785
395670470
1687071643
365505835
1262029921
1923716152
1108939371
2063685243
260590369
1486516010
1579783615
1008896038
1876380495
1499451704
903745807
1710301046
498305154
2091619700
827204072
171337053
1010874564
1841797015
776161744
2107859496
1483434270
581421796
1879233610
1784231279
1102315245
256706041
820107442
2003732774
1810250237
16721581
703481801
1576625918
457350054
903053375
1105064732
1524425921
408191563
1858168088
2050520110
1114018496
1708347485
919026851
967127166
440775073
208120210
568966450
1307751859
510581912
2012444097
449803903
1972617911
196749450
1050868272
24814944
1846603217
870775479
1506419764
1908969811
2131199082
1282014348
173923779
1808743811
1095724171
1552200712
861955057
1978077644
692574981
155035737
1051284671
1183085446
1226869241
397455156
9897818
681997796
1462775854
13341363
471008966
921864467
1436142387
684184569
538302047
322681801
1936730663
460856534
854888627
1518069383
1582576821
791339356
335874803
93037295
706625486
1916035978
144325965
1054877142
1677596050
1646469231
1855523514
720357184
1883056527
2117852606
1866427042
6686020
1762149477
1183822198
1459032167
1946107781
1035401367
1419063191
888078839
1188760504
73645846
1520292038
1745666421
652323113
1171405879
1858591527
167045644
1538501409
1154895587
1036677611
1294303056
1145803906
8536517
401110905
454890524
631224866
2052851847
622324515
197166353
1885659686
141448371
1738768264
2118029513
107838348
364711779
2030478374
385419778
1826637160
1614746244
1283497658
614612904
157005483
1653899879
147804909
2071265952
1924414518
534078587
607348609
967525877
447893636
1059833324
2146975071
501097126
1801497660
248844864
120127184
1900764956
509681246
115228605
554769770
703740379
1125345344
2008559740
1161114090
1736751177
201719279
1028973610
738386854
630571591
1025024736
218184480
1880182014
333906716
249732683
1493676645
1348002630
892347921
1380708388
608437965
1168670736
382924972
660889961
852371026
472526018
1608958883
1722350877
506024598
1959518575
1847742348
1936134991
1856993596
519505411
188709118
708558417
1262373673
70487278
505814864
1683235636
1470039849
1027295153
297001529
1054872450
770855924
1655558902
1470564904
1865083593
1345017109
889656377
1653212395
1086401482
1619363740
580167758
1012527149
708114400
2045890025
475151381
791972186
1417011317
1354739610
1021369429
935517197
78281189
82157569
251537778
1450215073
1267029302
457435528
1311670677
1219055241
1516659753
1392556200
1332547724
1736400476
1911009012
1918788793
1981831264
88490280
23135471
218222613
1041186513
714312446
1519914589
960929855
95271409
1565832000
1117281137
1759570622
1539975804
1563398862
934859486
485344935
417983094
695566960
300065751
755317979
209300628
445673430
1254949089
438156148
1339669321
1377939216
236561433
93919172
1646516572
1512782610
1531008422
37675027
1634722492
885999316
1714677161
316896558
59682688
1630169446
1461664553
1489498029
651038337
1340128113
1740069228
784721156
676204963
427956558
1593355150
1518400138
19758696
886507120
707565442
1791538655
901169963
1725557792
376539621
1321206625
53360615
1641275185
915163971
696954145
1503335609
690385950
759230460
160639514
808709428
1279930998
1537345749
556255190
1197409465
1167460801
1972914786
2088164310
1398605131
1997833201
1288748640
1936004933
1630337033
1553376574
465918254
2026419830
1573668875
143124577
1020715514
197716553
249537296
134900769
1004862428
306627787
2048352643
68973339
2004893693
78052927
434275204
557704955
1387055107
1313164929
889179320
137144039
879535520
1063807384
1295623108
1131324042
371416854
768349141
1349606487
653005989
1250855769
1522331073
1019017841
21728107
695237203
1087313050
1935825164
594889165
2134380238
1667517411
1434416009
110937768
2114989423
1709862707
1353879335
96067643
501942708
117794300
1662563464
358953142
1450367586
1788033409
1791310045
1729319295
1571781027
108489365
786231514
483310160
340892401
1564154785
2117420725
524659834
997932038
1749800304
1567643925
1272429940
1345421587
522154410
158586322
644862843
536497462
1745261436
530467921
1051886673
1530897158
1953256235
306611770
587963650
1890240887
2132467240
2104674602
783363188
1534036771
945434992
1446235789
412629290
934883860
770058418
897084390
458503448
882122173
1696948967
2057847424
711038821
639279323
248932860
1845903707
380782783
1025361710
752850272
844687048
2033291012
1638838123
1720997744
1329106573
1437708978
1815638935
945273505
1851876835
365738707
1324942309
1983889517
1562474065
1489327920
1309189679
78466628
738220501
2143008775
690988464
1359074317
1094002973
328487630
1295218638
1108503546
408533777
206401357
312683127
93154101
1855394994
1576130575
1973834156
1904829137
26935855
1726254409
1696908312
987039279
1561978978
285391575
2021782579
1006429539
2026929895
17849205
1838003080
381830757
1177128090
835104138
1982754738
1974780046
125412124
1484014580
902687015
1844191592
853947173
569173450
600178131
2144027683
525366913
692485578
444223482
194835218
2145086199
936940583
85949547
591153481
2013843612
3733070
29981872
739206226
1130011925
2139057243
852688866
234923119
1565348834
2120028157
789259334
1157438330
1880176080
1343611411
444469854
1538184588
750544671
1306643028
770034548
558523641
1387094512
906424505
808839486
918561191
811159742
655624196
1605780113
749640163
1460929720
761744055
21101467
1065217692
669650435
1924332405
931938994
607478667
74906158
502913743
1499652039
640964730
1861598816
443111415
1591648645
1662559540
844881539
633850485
965149144
1246212401
1859284855
214541183
962701381
135777066
1452606347
2139998872
602994777
1918407248
270125404
660301119
1406637776
373596925
514966108
395123514
625092494
1627548519
1207664224
1721021614
727526915
1713952870
1717617599
2089079563
2071588228
948286120
280329320
396638300
504453571
87586927
1971302109
210243033
200045297
1407460906
1429356822
1154262250
1252930679
1551509377
165908688
993328648
542276107
1492024758
490164690
2024511273
1916010577
1883207626
1204513210
1499517885
797075021
1025427973
137211326
1250072436
1759687960
1095477368
818610328
2088766631
2099860200
795116762
738037878
1055982259
1543610480
1980799132
685263415
1026836361
240304075
858131639
1656611228
1228127723
1715271681
1293121524
1695560435
1975746642
2068014205
724731443
1859596164
1576500898
1465994675
361369090
740132687
1099799231
2032866685
1712309556
1020807311
1095162813
894116549
435417448
84939613
1637557693
863492733
1892542139
894739004
595829048
1569450017
1236298356
495698490
1836202922
1041535533
991292135
1354924967
1212815445
261114190
866871432
179006333
1962268956
392273448
636326197
120630296
1636590841
919799212
1574510361
471736841
1462655526
1467671890
1812841971
732684581
617296602
1035697000
1924494322
764319826
796551445
318771572
1480864884
722751842
597761647
107119537
1999851018
252911518
1318998250
459368467
502502824
1722527784
218376705
2061418805
534984334
137310556
1254782995
1571379536
708184592
2056959785
1439958942
631334888
611130879
1424530350
1609085137
490767844
294254640
2048527569
1923304709
187621085
1036321638
13831487
161734325
757878313
265105290
2098228580
848341025
1141768913
557537104
697624373
1216488461
1490021850
371649726
1188445693
289507611
580305037
982397584
966249633
1279049541
1067874509
379225332
214017362
276484193
1700876702
1406294856
1062185002
2106723954
1802399102
673769040
792034860
1394260319
204888401
2014180842
1742966669
650259100
1604566894
1723200278
899736855
11271652
1102963190
1930613083
799355992
965054350
371924146
626739596
1896291117
127218216
1401873329
946906789
1659620791
1754188430
864239631
607623375
1835525695
276276381
1246233499
892055314
1665965638
1047081900
1361214336
1117716233
1236847071
1863291614
1438884832
981517371
831948764
150206016
1618175055
312784451
496461877
1740109455
1684732750
434719984
1073480790
1965670429
1861553733
1958386693
1930115134
919641227
1275626922
2144285953
1104012406
247310132
534013558
1215717785
771715695
7406072
599982877
1230755768
1871260203
664998122
946170895
805512903
465322710
1422655145
1363965917
2056039775
2018185742
1394652072
1108013934
1979356704
1957939994
621881865
1275333291
556216373
937796934
48761637
1575957220
2096869922
1645670990
312804389
1915092993
78278335
995093352
124199931
1919001046
210277242
1632602507
1264673991
735265117
760164828
2121241888
841312628
1082216237
1546551852
821578169
1600033131
860802085
96004872
1360581007
1204534986
1380811727
2126621069
568248740
1930670814
88232010
368460958
896150636
163096778
1105198886
572921827
352343201
2095257728
1808672592
56495528
1105507003
1606248033
1549349072
2091266328
147996620
297944007
2139202384
348687387
876563231
927392243
1017932670
567662324
436302381
853713533
1217580590
口854976
294762956
250006970
1626299625
945666034
1433206714
164773993
531938648
390902471
314562054
119136559
1113936135
1541943712
1546365561
109771726
1466117947
1356588426
201989007
1950356577
1952942151
1624196585
1307798176
1555184063
1886039186
86741854
285101321
522675369
1125656067
237401770
1776530022
2035705238
288354160
343430795
468563647
1506381639
443086777
1684667721
1617961609
1144044066
1172986718
2054345453
547934287
231263805
1040645608
299123273
694625002
1061206403
1800345796
1512659338
894226065
277663310
1042650290
1808423366
582014736
560417551
1776743716
1377814792
1988104762
194646410
1501284171
1135421557
1867225283
668994982
1305784207
1073644965
925851795
98313171
767200183
1198613198
467236727
406456609
2129897705
1819439128
713850237
859118680
1435840556
636435713
1705582237
1494164767
1592876156
446810475
85907146
1423098772
1026896442
1729610666
1498130039
1102628822
1860077072
1825466592
277029973
1873965370
1182968105
440022048
774689783
137423062
1814658324
961211732
1606373399
351398480
5767502
1530065944
967616522
734806325
1740368025
250568916
1033377404
1575851544
1189216782
385398598
2031925961
1491939276
2136872645
909564118
810471278
622307986
1985692910
2030433798
351103615
1567496194
1634750880
1049076293
1779671697
682272216
1031993183
1528852213
1657413905
247610939
1833386352
1787794521
948273132
1587641703
26770009
1947215925
87485303
647631991
288522988
1044859518
119245816
260615007
1980090558
1658359455
1498112187
317907469
2070854253
423465016
2017037032
1590583075
210174850
1394576320
2061755907
613227144
78637077
1435968776
515664474
1645468938
388328885
228788438
2067739534
1045197464
1172433831
1543783791
1439210013
1715454304
1647022034
1160406404
18223285
1565564159
823886021
848572067
552835998
162597595
119140483
1818599989
220159000
1332739054
1814445820
631688606
862483314
1099838380
1153257861
1547710502
169115904
1921098087
1254807625
893909416
2097632140
1420139899
1162839209
216204135
1193557467
1468283933
1890388021
1519853356
2033038964
1225378312
1597617410
983207219
172016458
658747764
227276329
446470519
1872330376
1071824020
701806928
1334926650
179716445
665970173
1811942795
124474858
2141159224
1174155622
732310416
996791665
1909725900
2014974391
1302545440
1262563126
1607674919
1899397900
964940393
613181334
1976754648
519673336
153062159
792704581
492999444
95566282
1945460432
235512217
246943393
913761788
1695354369
1268204132
1175768499
200915261
1322695289
1699090053
1842393283
1555755393
795209194
476073913
638018366
64201707
1036348017
759308477
2107250201
2032054777
1273136512
1403354426
1976196114
1766622169
1398392192
502822842
635092264
2022514299
2025243328
119037321
769282383
1511103129
158057553
430474499
376479028
937383225
2111347789
2080667792
1483206256
84518614
404734090
1338947523
1841337281
51833391
774808363
1747140220
1386990334
1124484257
451654470
1862521761
1620527164
1350647014
37000959
1931099833
1078525709
177383093
1844411220
461025741
494761801
1087639511
598118643
557286047
1231977955
584385374
41562371
1814058856
1243171799
1506639392
1658256244
978904063
924768626
803354690
665132268
2130486895
2005894664
511235189
513037613
1339060361
1070190142
819583621
594828572
746739522
1730957609
1015758885
691372996
1410560611
1932106820
1676676672
1847903753
1366867198
1585477558
1825903441
2120699967
454917935
313711079
1047614081
259855225
841903564
318141365
691348366
1791453770
111389595
235136813
2125153536
1489772449
2081820347
1874843497
1389359981
1006415268
577359115
1200645210
1155132721
617744325
793716516
629589234
937171789
851952881
1026876496
883509515
553735887
52737640
414684681
908047066
283545112
458468991
1627755004
775253399
1730552624
18498212
157258805
763927215
1156912251
495011006
100016514
749644599
1877158022
1240350561
1618445973
1050827881
1910802864
693117634
184319746
574393788
1988719005
826628454
967993029
1657543623
465855915
272332458
1418683691
1963575581
428169228
15890547
982151552
764465555
623095852
144807385
1491915242
1027564492
2072168217
1153387067
734096213
788100440
885459146
582139506
729387309
834619218
1491870159
434449493
556744290
377128811
1061426563
57880264
987209976
1500505868
621187559
1685668270
1203164513
273594521
397283391
1766098348
430330129
1691610511
719777130
50322448
2086505287
137544324
829462696
1863469653
998388755
587158642
1890575083
1439535849
319990897
932008459
2035450889
1277682992
1483116942
727739675
1302552398
1100197430
635155035
954174880
1923009836
1599322251
1835190987
931970326
688814923
107348229
1543803729
683198160
106241748
971880463
1065191313
542824558
340283953
1479637737
906918553
192284804
782100229
1495702013
1208010435
367141891
1839603013
1365455566
456891006
97390639
303905528
1130117601
726831071
2078141691
1922501525
626085469
483205592
1797807579
443380498
847332796
734765934
316986217
491909320
1173449434
239786520
1003784957
867303845
1493913447
2099694789
225725313
236458875
915687784
1535397308
183081466
790016795
821867794
1223254749
1754926334
1717836712
1085726513
567368527
131971769
1013311078
1618363860
1467866373
1609235812
1100200284
1660938104
1778841853
1374743222
1483541013
1326461604
1668049584
1745900189
1638085950
342829128
770836713
2072462194
845720939
2129122604
1673609046
1541299315
2065705919
2135870266
1874950069
2021133130
2048377273
2133349721
1958426106
891491698
1492818307
822982360
1791030339
1147084924
1516284654
1433626689
1634241717
476640303
37490315
1115866651
37949107
1065355723
1991210560
1018873860
1504953985
114804022
1253650475
589331302
148182919
942012630
211494557
129111268
660383480
237974603
1257280739
1132754812
760354281
1421884529
497169217
1550247652
1585661423
450138652
1099560164
821990554
208714640
580147812
1412785937
1873372084
459386831
1538944187
412732104
2002536974
908338015
1281317352
1881717514
178664375
681896216
1030445579
634944106
2010112455
971332260
837941493
953577501
853398978
29329024
1044819383
97538030
1964206652
1694280450
2099989662
1923150617
1291620895
224149166
259311466
52442089
415625572
467567726
876471306
225555204
680486422
1058279721
80465100
1239798270
591510777
402015500
1655898351
1718000639
2061733276
1702199698
759119196
753358079
391410782
1007848652
1630571062
331034469
106092092
637421008
980849514
585347273
754326165
1024084524
2067577617
744228265
2018617623
1055065443
667837187
689929672
1998922808
1171994721
1883250664
1625697620
1508710383
1753555093
2060281760
1326020839
1546599201
2042504559
1449761145
216687296
1857852770
434151676
253075777
418528947
2126727085
2126182474
1765218729
842064291
803541237
1555564499
29181890
766943443
1056054238
300829138
1129883705
526253572
1585401367
1459760816
1124551288
1182444101
801152412
248262800
2047559227
1803588263
931527295
1023917879
1033742336
558255408
1235056833
245130145
129315330
503690862
158693744
1246699159
1589526645
1746840663
1820908682
1864996621
75448087
822478485
1356228524
1731002352
118447583
170819166
87817961
831132804
325876068
1326440174
445604991
707126847
895582328
1663185927
2025133216
1792315202
348278813
898879004
1044879456
1213344214
1940482291
1267448937
1713399983
1278062492
618728172
1864409609
1891753843
585542524
1170289368
2120997354
31618952
140417007
102526517
954006776
1224152822
862205525
1003575220
591993951
24732071
491844299
1103680892
1758889468
1067120250
44664305
1999910369
214373762
1730247497
1755434901
101600573
2043121367
1900765552
1337923667
1050237201
639704418
1068825859
460025192
386750900
220850498
1847124516
861910652
641943503
854747163
1914167216
350803960
1193906487
813785544
968834605
1519600630
1589239626
1160023375
396409352
1926393044
1017209674
1335172682
899507011
1668651594
1630361671
1771731366
1570938084
1649269651
1915806774
863026477
2088181990
1640854782
1446694581
39228123
802287110
374214245
283033980
1200310202
1010537810
383219289
1188764940
717066029
1122337303
1297261174
902808533
615055515
670421647
1578951249
1038382784
724013733
941614771
1047335230
231623067
656272308
1866787704
1069786009
640730104
1102147402
1543719996
63946629
1624206955
1735071047
1719783585
580031774
326986133
158839644
1177171939
1887007141
2072234736
789664319
1570564774
2034785860
1237616660
1115181582
995642707
2001890649
952811493
1959007402
1984263598
2125567245
2111201417
1217556548
1208129271
1360540608
1162673371
1241290517
129569804
36079451
1250873956
1246024100
1940879850
1375662080
240615468
1026793280
259332646
2120178660
1932741009
352271923
302451079
1410542416
1136225253
1219660105
850714852
1174096783
1531471650
734596727
1092740910
2091749162
2062882242
320600448
1796519219
192402913
1428185652
309762700
1928193795
268207125
1296775574
288041568
1772016555
2050247441
1872878835
321270169
1756883514
27120227
380153542
292052187
966956973
1303152398
756491319
1739717008
1680734052
1905379598
372951586
1405044289
1359535375
906809209
682860810
426824618
1511137338
565897792
1902313956
892644156
485660514
1796098384
976253550
1811704438
1621595596
58350278
1242480301
1669446089
1918916079
1732847979
2013119488
113821709
706958484
1081123925
1607824180
591169331
1826179610
1244767456
1826516832
1709907283
602088607
218307240
857964303
1867935902
828722706
238937526
1035526387
821684185
997590840
465562276
1819817394
205813111
868445493
228427046
487434885
1320200872
1405913741
2078371535
243868809
1357722865
1837514966
1974663212
97182392
36440587
750296760
885186390
769196901
482557995
164150942
815423610
19498933
1428850341
1570605426
1141544657
43175898
121600691
541114513
828802003
901289951
2083461523
818428473
1613264021
1755616500
807409795
1236531996
1456061022
683915230
542545535
2130659602
2005019059
1953511951
892882616
352363147
1981493998
1354047518
2122863181
217573963
185711594
405305892
492684633
1078945640
80570520
1310830855
1202245399
1323113946
1753895049
1365878659
1508296674
306890793
1516770510
2093433163
1577675095
1974616895
1609357082
497615916
1290596816
173856484
1303662207
19480825
1967077325
855520722
1572720727
1642595237
85460572
1768998902
1482294452
1890297120
1992563442
1630616145
1694956677
1343357574
867707978
837689110
962980104
452518247
1439858125
1423538860
1592955197
233343320
1944699651
287453578
2123322915
851870005
1944660494
2047646708
1105781930
328579555
1835092857
304760517
1366733986
1234173118
2111910767
946068329
193344038
804378546
2138848489
683474201
1239947068
1492559473
569357059
271676493
843908246
2100493537
1855273724
1321540397
1120359532
1862905441
921946101
653328265
713785208
651774918
781882099
1547710162
134186477
574726794
717144809
1875054982
1049313095
1386695205
72381177
1165292800
1308151888
1492039748
183452129
2068772900
1281842755
1380415781
1357471289
5447999
1234756674
1559027509
118522820
1028595521
566950382
1973148426
787243449
1514172294
1526405694
862648731
1030844886
1043057277
779139719
1866386651
1839583075
521023296
2014578534
828136718
614801205
1510575384
1890153910
412874595
2132400637
1658982506
1351447292
1963148392
2056273543
1575977166
419879503
1944995714
937515669
1316020988
1691419949
1328709393
1034957483
2080775567
1152715597
1634706483
2081003145
825052563
39339899
75756638
181631184
1930924136
77625052
1906995964
554407866
1841758454
1272614701
1252056640
2141532370
844606604
1256211065
1324647180
1771638934
1119629231
1554555162
1903531791
1782317262
1203922102
249917907
1074912785
207873750
2145333595
480011320
1897024836
1497163443
1659032537
1119629571
1148247670
1528784030
1643188523
1988424132
2081485244
658057598
1938126351
794616248
2003292169
858111693
955054162
1741136636
1139497197
1072051478
622010341
784364244
940226239
505586512
1456876214
1346304317
1268074082
1852519228
165720907
49221967
420352307
1196994566
1737947484
1486488607
1439981397
1659510679
246860128
1742780718
1095173715
1501697039
387311016
1824013039
1788008523
919742723
517591991
442772693
156148996
1245414805
875251641
2050604737
1553983015
1855377314
1197144729
863965537
2068393705
801227012
1062523716
1462635073
1174948615
2066798208
1805273670
1278121339
1809408405
918670451
1206357165
527699418
1025484470
963641593
680091377
2065411046
866990268
532460467
882666447
1531655515
646672685
1371605104
1034181190
571319204
1446440107
1918072755
659857829
383806857
119427674
318575012
1682769554
2131474009
416238456
285712012
662698384
1702553577
1245084144
1167834370
1504551862
1874448196
1046435493
202495052
94680301
1179967411
934634078
44160937
16096436
694477604
205265643
1640829637
71177444
331847403
1915070877
2093658571
1027108862
402327885
336249216
2049449589
1906010669
81197675
367835813
475650564
1889754859
439662154
726365828
1781880925
1926530328
1458011928
54290655
2039651482
1034201128
195695626
2046186428
163393353
2024238095
119322510
1341868015
12024165
4845989
487158033
215133353
1016513740
128019230
1660457157
191294346
453634823
1271102252
1510660866
1266274768
1074573425
776474469
974279964
2021694927
789367268
1651532168
650217219
44645601
531117018
1034684814
62539989
1684809185
2113865090
1317070395
571574920
1015237586
122204185
1983050207
1201669793
934443095
134083146
218534698
964674667
1808973399
2038305712
1918454597
5222251
429682780
938385776
1406157848
979235569
1609985983
296540567
1373978683
641566988
1517729427
1137103720
450537371
936920637
1504832723
692993382
453420821
568946504
691142129
945369971
330969268
1172626048
1604761973
1466370757
1276952435
1148265606
1560545063
240955084
593273223
2220114
104224190
1006344057
1117668884
1997474541
1396295086
315951403
1494495339
417769348
1513659035
1380328041
1303238128
865943402
1767156608
1471742258
636496946
196291426
45591363
1133280131
148756259
1574359041
1778853011
309194907
591926912
1458656077
1286821983
580501440
431339466
902406282
1375429464
1255327350
1163365288
555965053
1000108883
794073216
371125905
197547642
701602618
1525378761
310285287
1767324971
1371822730
591843655
1151538501
1450242816
248310149
519902028
886995409
1892654002
1089692637
748548541
661985507
1870979849
16378661
267479929
1725851769
474785553
639682470
1725133721
1684635882
80524203
836431143
1755175479
879013709
733068773
1186133134
93255425
1452357197
1559843937
1897380980
311541986
1130045622
1450327451
1909540801
1592790938
596206797
553738741
1933343526
568959492
674104995
1420974346
1498260089
626648447
478438291
1396800203
57688387
361009784
1798996421
93675060
224331533
854366808
1246048142
1649558334
718779207
1662181794
100719840
1505015090
1436407630
135740599
1287343966
1195002532
992486565
87791582
1255305574
264997008
755091885
1948330682
74648397
1438131815
582030246
758002437
1882425020
966061844
543868352
803771081
620405651
1626070677
1436032275
350524341
157558370
1448962904
630405238
1169596212
1552893400
502702007
422041638
173585315
1853949965
1419926960
1140019520
1857537191
1138805533
1247669116
1595899159
880710358
533453698
1948364891
126292272
1333037848
996033308
1922499267
415732323
1529344318
1270907262
1491550648
412252132
1999761955
1673731806
850838124
730861895
157111671
1873226363
392229468
1507078591
1334620391
270665075
750902139
1563217007
1446123591
1496787184
180648579
160709235
1950677189
482265380
2143564455
1052939263
1517254785
1616511588
278037472
2045767183
411913418
1545422105
243466686
2119063911
1525144225
2045485380
2128131767
640540063
1692719078
364707594
698128983
217213383
1463362866
999416707
1331752985
704284478
1659553496
873234554
1641209984
815587785
729247043
2147267038
917323840
248051879
877229663
434763577
956484571
1214413883
945811845
1053298561
858848018
1424561697
967422039
1927201798
924508346
2049808851
654319904
2093120738
386388484
450588380
55678078
327652927
452245406
90298365
577706131
917618373
987068512
625056199
1253626093
94971250
606907329
526712364
2051697206
639153701
962115221
620220294
499735997
776721860
1043386871
30246608
1294799474
1756163032
699853035
768838241
1152950133
411912176
587689230
153382169
276508235
1135967917
775864017
1357132185
2002267891
877418468
613750965
1174924919
914887930
409544944
1921975446
998384319
735979325
1214371482
1629492856
1402571820
647990393
144951110
58932525
356457745
1694298637
1809477530
2026861704
806522148
382778905
279427246
414623748
1071130354
1789860280
2135843370
405829713
869618321
727714786
924958079
1492123392
815786960
2095554311
524847449
865604938
974467753
2074289961
1700247807
588337303
1035101200
2125084079
1368683885
116844895
1027885237
449447244
486046795
1264909633
1263773919
937576774
977433328
1682875742
924641258
1139748689
1939030260
11076406
99577579
236736574
1993248916
349989370
2044947555
1912020955
1252221419
1308629563
507833789
112266524
1630839167
1217097756
1393689149
139984594
1955526067
1510528550
1595270514
823935540
1472587031
700817621
864558794
724102369
1560464184
1998499979
172747917
2144032375
1116624360
1633650481
1096715653
1284778932
1614629418
1443116890
982005741
358535509
463272945
78042557
724624692
1968444214
1866466324
1876315466
1002796669
384268421
377021036
1741897003
1027926396
1427591222
1476176300
2025874233
674042820
1512426632
416598358
927888564
968370187
1546846725
1180066641
760085539
1249743775
632420067
940835027
931945944
914387416
527090970
1765912057
1394486661
1682079976
1172773958
86264358
1936765376
1716424228
1547168105
2074127532
402987922
1880161812
1162667437
402757476
483499613
1690290540
1834900550
1313185643
580604602
1814678526
458528086
251452043
1146882872
1223942233
73614514
564167302
1087420390
1100593287
425103594
1213150665
1896812928
529337667
580161484
1589170501
1550818059
377272016
833086316
1056286854
1963403468
2067423525
1568630162
52907749
413806214
1772606979
1615679146
190980512
415694697
446169840
1037794114
1236486913
803516607
1314089811
1620023545
18388100
70526435
234621740
486443847
848425265
1364745454
853882144
1538224731
676714508
1152187855
280389657
1882551661
1801137766
2078994842
1417613583
2100343374
721582938
1533065137
848300634
1837857180
872012310
2021752998
1023973178
964676925
1200181982
1943821862
759536829
515747611
2027280105
326518297
56808588
254270464
1134683571
906345981
998364373
1398290868
1794286778
1825635851
1744338757
875841725
78944124
1752471997
1393349700
325073524
1066510359
374610102
1503396714
2048969021
1946125461
1703038424
1016558831
48195034
94889055
1322566091
772587125
2057109781
621886557
1293727458
1550164776
1173775014
127722099
1810713465
440129990
1643188183
398109035
425038565
1303197481
905390311
379077942
1905278102
568059935
1782950599
1070205644
1164099015
173883380
149659572
779119773
650023330
1289672454
379938217
1518150426
288076033
860633730
1062163822
671397263
1700518042
1191849424
1270931639
1070168366
2060451357
1340484513
556401390
73598497
1201213011
137461367
476786035
1059938744
1247811476
7258848
160806123
2122194728
1704439944
1114005252
753210174
1573770455
739624883
1242986782
2140063901
1509822790
121529728
131501763
1534705461
2019536141
1450386290
412435741
1032374513
1254486880
508905805
1924035530
638542187
1518718149
1394066770
1992368703
1023071538
134543729
1489226596
273563701
1386421430
1579724512
1008624300
424038272
1445721803
1695162740
1692739016
369606767
1771266044
1510548488
1634071483
63648300
325834909
793655591
1881609188
302306115
1042070228
940857738
783377715
422412946
633237601
1172602186
1219491701
30613460
1543436812
1283520965
1242625774
1754920915
518811648
415461653
1249810806
54497652
2031525412
628998371
1819203018
1377662538
200613098
1109237692
274700406
1713058785
1146161374
1326943286
1191471166
732436678
1514920371
1549011382
1781984515
49975624
423040093
703655404
835837857
1250582501
1346784885
1374122912
873678092
1565125812
1096626590
835981671
893964723
1631340436
946085413
1710468633
1341771127
913763030
1455887419
1455798008
1668735834
532583739
1985881211
1711056241
740987328
84325237
827000996
423259043
642788061
1034658686
368654507
74077742
944701184
1231339074
1976903792
141719374
1156342016
135353635
1765215875
1784197070
1564667020
224752535
138428219
1237996029
1534468667
838336198
506743670
1596295097
1961048275
1263543729
1357326412
1088619602
1379661010
2114627519
1829390048
951672106
590772873
734010739
2023076501
1572091486
2098074923
170185829
1894877370
220094575
1058485869
2121858269
332802841
1258420622
603408186
1837119665
2044819591
1918472277
1427382468
415773866
626210835
481167971
1119622273
1594887861
1850406100
523042221
2018404128
1421441754
1402062782
1510926109
1338147833
292659137
51247403
1023979104
1569506514
1471999679
1993287221
1772709883
1734409942
1579748894
1828906626
2025643793
1789330277
1947436085
874963042
2038332099
483288212
912263144
862852874
1626258978
618116230
819078248
535031683
1088326995
733185095
650492484
1405995299
965449951
458399270
2132017768
773988735
1481669822
529187499
2034007565
739141197
2070198544
92553865
984742458
1606936029
1989512892
1880542850
245511823
1721293859
664690005
598512150
835900620
294657280
151592576
382414915
959592588
318894847
1589362386
1502248263
1313178685
1855665997
1009883599
611021614
841535522
220783211
1941700118
1622034194
736798019
1367912161
1259443459
953386607
1513214506
1035018580
247503681
149230553
1789431901
993302525
3285856
554241513
2124582206
1852286530
618118232
2146299590
1701693896
2138995068
974087913
250610464
2119420951
1638876248
202976048
361683512
2132755291
1834939707
1807883528
1464942085
1290517012
230589437
36714272
849204502
88552455
1745224713
1773199239
1424204657
1780097388
470608584
573511911
18621484
1100934945
189302785
1918224753
758028309
847292405
740449503
1465762309
1763711361
2101713719
1817547919
1576402768
2130764749
1179059147
1916693945
950448263
1849893865
465601566
709165203
1238306834
1258625021
1770000612
1535372678
2146446814
1330846647
972802995
1939217965
1844446074
1259611302
202868964
625784670
967316875
184189777
1215058966
1111966217
417690655
1330300622
1107244215
935847469
1331882703
1558040460
184501345
995464660
893360202
2051614414
402189111
747359184
510986390
1680625778
1606959469
1462380509
1280409984
1573419003
715018373
584676318
545566598
203477921
页750411
1199551662
724201863
1809852422
1011245235
409771806
1442646900
1210924743
1497624833
1102057824
376854391
1931792265
1778110265
1497796265
815656910
1102294536
312845036
2010851337
393192570
147764262
1849350106
707297933
599549230
805971695
1980691833
489827632
1638625780
944266088
82963275
219294289
135714727
554702739
1742170266
1423141173
1622409342
1961738441
1922794132
1128074046
891338840
605184380
10109554
2131816231
698662180
2091142204
1115759393
1639029662
2071037772
588711555
1583676240
12943668
1475861489
1188108471
1945861493
174303619
821364175
1487207674
1564280747
285161914
696391771
1583046835
1176918699
1850806058
763952352
1821365080
2108003226
1155334266
1549852699
1442037940
1188528146
917809528
1831140740
687690793
1184329401
2039065494
1897695799
2114907220
669960421
867224804
1107700106
428423710
1064413318
234814472
1260913162
1137691974
2052054374
1756228061
1394215228
719937849
1322801861
1481139819
1196949739
1769775277
1703096503
112454820
1085551968
770182842
1785594666
1518325227
64008202
1758347291
1254213105
1755717996
490584069
1472145751
1246216325
1378083025
1566151511
337048650
402714738
2086310028
127368387
2087465944
494904507
655604258
1741496538
1463951708
808284333
1477848016
1410247551
868418090
1263985355
1640009753
2096688579
916332875
166943086
145727145
635783928
1175401647
1523929592
1955482986
2026294810
1664347769
1565791609
1054161186
1452774702
442081029
364583815
1564725867
723367408
812950914
87377873
505857945
673799860
1096800879
799512946
1193615538
695763199
966422002
84669117
327826530
1595184264
563485616
1461317025
468737250
819064492
1669912007
1644861473
102926559
1073359776
1630469945
1171697846
1318501325
1973443555
1302785270
959112616
160957783
1522315056
1615679742
1011798122
1734088690
1230654444
950076358
359025121
789998091
164022594
1160367255
255089158
474619200
180206057
1336184617
907127944
704375886
964618682
631039767
1971803653
639643313
782061072
529420883
117142450
615102856
387003116
988770621
874103279
626761372
768130563
855805577
434156112
1537454371
1192145835
1941280224
257470068
412665841
1179859129
2063268523
884324451
1863881352
1844954815
860761694
1159085845
2053461
822485783
1797653914
1245754761
1073796282
2102360807
1307380036
1407085162
1176690519
369323664
798376241
1017905267
1910971227
2018785466
287477356
649489933
1378700345
1943072211
266320519
1337399846
1684810427
1040411712
2020399918
1455379615
297361091
944445089
1733059415
1854118832
1790108319
2074645427
1047270201
2049805989
1243971481
1488554110
20947546
1807544683
1137838174
2068308438
374004168
1062290332
1766248007
232799561
230380942
2045887511
1974612459
1376804009
965179967
1659854175
1752055434
1375221952
784682007
579278109
1762951514
1493093912
1110262874
1740089002
1452402280
1354828079
1347268571
1558755564
1091984051
1514207993
1534073366
1304289438
1782491807
883194696
1927566384
1786208057
1044147396
797677543
1318847491
231917676
1979999657
189384427
1657451698
208988423
806714880
1650544871
1057339765
553380264
1648739640
587999349
115729966
320768296
681732553
310432177
216190379
545542556
763886179
676795643
1285667091
751640209
1679242872
1267384760
565473721
266150410
1942414922
362610480
529632532
1877660663
1959243044
2050164649
663599118
21294452
1080941430
276169131
605370339
1421333172
611871120
1129439688
1854492997
1061511781
424977972
1408262508
1850596667
1324022550
1235264990
1194517612
2089130065
847212625
988516784
2002775306
1453664351
1532706817
1992409094
2051297765
1848117496
665925090
2061980163
1671270446
988935436
366155610
740799713
142544421
1824792268
2097932947
133712483
1355142329
843326950
1885106
952530123
828528223
605853505
36455362
908344197
1541553789
1272382855
2044587909
389772716
108195984
763677425
1050933301
1219058103
1106474106
884761295
737095912
1494814246
2076143219
574490164
1480487138
1576064304
1549523617
1349521005
144213595
1506001627
1680166646
1508175148
846856141
1595063002
876344110
1577416517
1232180388
1769690310
313748608
1051260033
565542846
34966440
844228256
873702730
1236925767
410084866
2113589728
878149760
1978479775
1691841629
1917190363
157954227
202828824
477283208
1865057214
1913156773
1098562043
82464084
258435771
995888739
1900847665
1019053629
1110152762
266808377
1356889225
1823951806
198554885
515642019
1454944263
523079847
1726529336
1482004023
1443019490
307244421
1478748088
849440272
1235415493
1575770673
945671704
1748230687
1799083733
1403582004
1241997475
1378675715
1025347191
1768712561
209195548
1962226563
2137150434
1850445984
1244942001
234813238
394555713
2057617580
1811769467
2007686907
1720983481
1083566464
851850067
66802432
2116550234
202202445
1767509980
295871275
764425156
98546555
921197172
882852738
481324062
1418944099
1277581668
462409168
832628676
1210781530
909646313
1812032961
1242834013
636768975
341278382
220872274
788191341
241458711
1275210531
728534414
363970675
2093348188
1663296039
423903870
657106844
749227094
1204661112
1709736662
674507290
478882556
2083207681
284257063
954335351
817713965
452410567
2067341975
1752935225
1533405439
329841531
2130186644
193511715
774899174
160915979
521254978
2005941079
59350158
1989892005
512302356
579201162
1232847934
928443717
887890026
697397263
1882826081
1870480483
1643835611
1053361324
1003405713
130179107
1222934739
168213741
1950236249
1854498931
1088601922
836410690
1850361017
245469594
104165435
1834224388
846307779
1205748973
431510555
728654097
1885852935
948773986
147811611
1713822172
1363839448
1081042754
1840459492
898036276
1899437959
497426471
68370822
1353969501
541824797
1174698825
275249620
22292147
1987347246
1811299453
2090801014
363870203
1659072076
1603754986
1461336971
1929515922
514301514
1077303868
1144172542
423382315
543030962
555146367
1558296772
975918542
337532328
93363492
1165189218
832140306
1775142424
1249076224
571451092
2027222374
1433323028
840781857
918398206
1610538870
315704943
1325305155
963357346
692910501
1986919525
75742375
1282247225
1168718085
2074192561
267443206
160579177
270227970
948077886
886746008
869701202
269747491
1543082595
1293986028
703737857
1669573285
435268187
1861109716
1234135325
325867280
1066133201
655728042
1898137335
935995935
920583052
1052246575
1709084153
1017984475
230051348
1719599069
1786520610
314901759
1056889371
171759122
1381404665
2144491423
2080856093
804384472
327127085
20406641
1239418819
1224449953
1665986091
342738235
448670447
2012469969
978037596
355700284
121106643
929425562
1070729465
106916072
870308327
1118302817
1903932332
824772598
2014432634
1388262820
1674966246
1160108849
1455217698
2146782756
1520919441
1145727727
1864890044
1690139776
1449923062
1909745119
1668864354
1921724126
1515005934
1406142351
850024686
489872723
1500339523
1005338304
995367772
390400598
1522375649
1434446573
1575750220
1526404452
841730261
1467087136
1899229796
1042064302
1852776142
1595395532
297614413
1365686772
494534351
873175715
296041376
197630439
1658039944
371669664
1098725706
587180846
494469155
1259893527
558190387
1603072125
813553431
596082545
1139284271
873129897
1382623644
1441678046
538886197
145703111
996378691
128374132
1189158711
443679548
1890552196
1841149666
835398755
1315687734
2071861752
586823934
1847697009
1480152770
216000926
806983630
340138736
1479606666
1547290527
1714828995
679652531
1520665092
1509339616
1929159879
833167751
1904397241
1824159446
2015714978
1480593715
1543738700
27376967
94655671
454010905
2094497881
1822917920
1733789125
342848347
484151482
1292234955
2003645541
165953183
262963689
251450801
439160793
1824813061
702791975
290472704
1037900857
1466873142
1032793848
1551433198
1751794084
466504242
1181097158
281876234
1008102489
850188349
1218845343
32251782
90797548
233149779
935007644
1048559503
888694956
1147065242
1520273851
1135690558
66762041
1158326554
355954633
1702577959
1695458811
11224311
1535055679
456760948
82164527
366822636
1451666391
667987483
327147538
760712691
1643123494
772504244
32815738
200528471
1796500515
1557935380
1351950064
902368149
1253355602
1692727610
1567395722
1787279744
1049545967
1500171160
1587829484
1997976926
1050273752
392882751
629190009
88535031
690224545
607683110
388225047
750172336
904860556
2055513688
1630986808
2136394087
1047341156
341252003
1279759653
1170961862
1884425246
389583396
1303009180
1497151522
774559725
227271893
441494017
1525754677
824121671
1510596093
1515974535
1009166229
1291077128
482342330
1649869395
408283995
1328447710
1283313482
1386082321
5764515
747770379
1093051971
2134140027
225026955
799273119
1911810366
45971966
1267784201
1269656163
169088668
1684764609
934694075
1854957979
465243930
956549592
1504030051
1455005020
1021725829
1133992245
1019984693
1049031717
1304585079
1292632647
409082228
971034963
95419058
36505608
1556844749
66025635
1484481732
1093556102
1188102537
1431583646
1342371800
1230517436
1953318402
1980731717
1437754061
1524452817
1384215059
755064989
2010647283
83807533
2076582154
1346809779
1961491557
73618950
1612420958
145896992
961251616
195510865
883785632
1058643719
2020649956
628205211
399497567
1136012493
1243827244
1812615025
1526598943
1385306673
256078889
202368798
774355497
2094777756
1861724182
10239008
1576899186
1626012946
1121183174
203697042
2080860785
1371268345
605563880
602821174
997274327
1690708173
845882848
395754585
34420423
390549271
990409904
1347922186
1547584496
1821156334
1186724242
1140627712
907413133
1347474373
667017559
954674071
460058633
1477232278
1298412398
1888430196
1810711463
666179654
450395907
1688922461
5265624
1301729268
409901856
14399623
1833506084
742714964
935532707
913821273
1518115961
1996823524
254355349
79431222
315767794
2071436573
2082050787